1	0.000000e+00
11	7.501580e-01
21	5.031198e-01
31	3.698567e-01
41	2.040507e-01
51	7.986183e-02
61	4.192625e-02
71	8.674137e-02
81	1.037554e-01
91	9.251262e-02
101	6.560004e-02
111	3.028952e-02
121	3.725510e-02
131	4.493975e-02
141	5.034548e-02
151	4.976739e-02
161	4.975003e-02
171	5.222662e-02
181	3.686852e-02
191	3.728432e-02
201	4.380759e-02
211	6.247418e-02
221	6.513214e-02
231	4.729226e-02
241	6.230989e-02
251	5.925441e-02
261	5.210310e-02
271	5.578626e-02
281	4.054128e-02
291	3.646236e-02
301	3.957799e-02
311	4.071836e-02
321	3.471758e-02
331	3.844593e-02
341	3.969276e-02
351	2.393476e-02
361	3.637340e-02
371	4.108292e-02
381	3.075990e-02
391	3.103230e-02
401	3.911776e-02
411	4.584194e-02
421	3.911677e-02
431	3.805911e-02
441	3.880153e-02
451	3.716109e-02
461	3.647533e-02
471	3.204319e-02
481	2.789605e-02
491	2.799338e-02
501	2.879542e-02
511	2.636133e-02
521	2.914383e-02
531	3.219997e-02
541	3.077231e-02
551	3.434900e-02
561	3.732670e-02
571	3.411809e-02
581	2.922245e-02
591	2.881714e-02
601	2.900175e-02
611	2.625064e-02
621	2.446940e-02
631	2.717351e-02
641	2.692268e-02
651	2.412310e-02
661	2.396732e-02
671	2.387686e-02
681	2.142726e-02
691	2.174003e-02
701	2.647245e-02
711	2.771045e-02
721	2.500724e-02
731	2.549937e-02
741	2.378698e-02
751	2.251761e-02
761	2.347489e-02
771	2.333423e-02
781	2.265394e-02
791	2.430707e-02
801	2.450051e-02
811	2.365485e-02
821	2.270132e-02
831	2.023038e-02
841	1.824670e-02
851	1.679638e-02
861	1.674430e-02
871	1.683433e-02
881	1.494300e-02
891	1.607846e-02
901	1.799343e-02
911	2.146816e-02
921	1.961805e-02
931	1.795055e-02
941	1.852844e-02
951	1.776594e-02
961	1.745489e-02
971	1.815553e-02
981	1.673730e-02
991	1.754399e-02
