1	0.000000e+00
11	7.323890e-01
21	6.091421e-01
31	5.448645e-01
41	5.061649e-01
51	4.835508e-01
61	4.615467e-01
71	4.416080e-01
81	4.191080e-01
91	4.004609e-01
101	3.830305e-01
111	3.680061e-01
121	3.527736e-01
131	3.375878e-01
141	3.237836e-01
151	3.121942e-01
161	3.018570e-01
171	2.920331e-01
181	2.833953e-01
191	2.754611e-01
201	2.677973e-01
211	2.611447e-01
221	2.535712e-01
231	2.472298e-01
241	2.406036e-01
251	2.328005e-01
261	2.257201e-01
271	2.193730e-01
281	2.123927e-01
291	2.056187e-01
301	1.986599e-01
311	1.927657e-01
321	1.866958e-01
331	1.815652e-01
341	1.754873e-01
351	1.699423e-01
361	1.657001e-01
371	1.620508e-01
381	1.574445e-01
391	1.524763e-01
401	1.477172e-01
411	1.436104e-01
421	1.389393e-01
431	1.354434e-01
441	1.315791e-01
451	1.286824e-01
461	1.260250e-01
471	1.235628e-01
481	1.212120e-01
491	1.187985e-01
501	1.161493e-01
511	1.139152e-01
521	1.117361e-01
531	1.097152e-01
541	1.074997e-01
551	1.052243e-01
561	1.032229e-01
571	1.016160e-01
581	9.997121e-02
591	9.862841e-02
601	9.693694e-02
611	9.525767e-02
621	9.376316e-02
631	9.249212e-02
641	9.135390e-02
651	9.008355e-02
661	8.904647e-02
671	8.827436e-02
681	8.757849e-02
691	8.690550e-02
701	8.630879e-02
711	8.541609e-02
721	8.494232e-02
731	8.408677e-02
741	8.281070e-02
751	8.169073e-02
761	8.087003e-02
771	7.994790e-02
781	7.909439e-02
791	7.874247e-02
801	7.821182e-02
811	7.793445e-02
821	7.725632e-02
831	7.651525e-02
841	7.560809e-02
851	7.461303e-02
861	7.413091e-02
871	7.357194e-02
881	7.281955e-02
891	7.236528e-02
901	7.204073e-02
911	7.197306e-02
921	7.137404e-02
931	7.080541e-02
941	7.011832e-02
951	6.909131e-02
961	6.819384e-02
971	6.708337e-02
981	6.603898e-02
991	6.516683e-02
