1	0.000000e+00
11	7.145887e-01
21	5.276124e-01
31	3.713429e-01
41	2.678924e-01
51	2.217549e-01
61	1.987486e-01
71	1.847429e-01
81	1.454384e-01
91	1.190128e-01
101	9.875361e-02
111	7.515528e-02
121	6.149307e-02
131	5.031302e-02
141	4.283335e-02
151	3.456592e-02
161	3.751615e-02
171	4.921490e-02
181	5.893489e-02
191	6.657764e-02
201	6.519581e-02
211	6.935404e-02
221	6.827232e-02
231	7.198179e-02
241	7.475752e-02
251	7.128436e-02
261	6.543138e-02
271	6.183845e-02
281	5.923914e-02
291	5.421000e-02
301	4.652470e-02
311	3.939500e-02
321	3.605123e-02
331	4.192730e-02
341	4.758569e-02
351	4.727262e-02
361	4.717737e-02
371	4.517994e-02
381	4.435784e-02
391	4.495659e-02
401	4.519446e-02
411	4.433246e-02
421	4.155012e-02
431	3.914180e-02
441	3.576446e-02
451	3.298399e-02
461	3.038931e-02
471	2.755693e-02
481	2.412182e-02
491	2.299197e-02
501	2.152062e-02
511	2.209461e-02
521	2.203393e-02
531	2.213411e-02
541	2.263601e-02
551	2.387139e-02
561	2.497417e-02
571	2.448589e-02
581	2.332951e-02
591	2.196326e-02
601	2.037188e-02
611	1.887854e-02
621	1.790128e-02
631	1.614623e-02
641	1.480920e-02
651	1.378607e-02
661	1.352580e-02
671	1.303850e-02
681	1.294208e-02
691	1.249985e-02
701	1.162808e-02
711	1.156732e-02
721	1.145365e-02
731	1.068865e-02
741	1.038737e-02
751	1.059300e-02
761	1.032819e-02
771	1.039875e-02
781	9.378926e-03
791	8.133407e-03
801	8.137107e-03
811	8.408260e-03
821	8.094919e-03
831	8.563170e-03
841	9.135465e-03
851	9.003686e-03
861	9.522765e-03
871	1.018847e-02
881	1.026034e-02
891	1.011895e-02
901	9.163268e-03
911	9.764993e-03
921	1.011715e-02
931	1.097824e-02
941	1.087370e-02
951	1.025760e-02
961	1.052115e-02
971	8.947634e-03
981	9.265367e-03
991	9.942494e-03
