100	-2.715869e-08
101	9.226424e-08
102	-9.737745e-09
103	2.711426e-09
104	-6.176600e-09
105	2.099966e-08
106	-7.036537e-08
107	1.230921e-07
108	-4.184928e-07
109	1.422840e-06
110	-2.764410e-07
111	4.837773e-07
112	-9.403051e-08
113	1.646184e-07
114	-5.597023e-07
115	1.848709e-06
116	-1.848709e-07
117	6.280184e-07
118	-2.135208e-06
119	7.259702e-06
120	-2.468299e-05
121	2.468299e-06
122	-8.392215e-06
123	8.392216e-07
124	-8.392241e-08
125	2.853360e-07
126	-2.853432e-08
127	2.855828e-09
128	-9.709801e-09
129	3.298560e-08
130	-1.121510e-07
131	1.121510e-08
132	-3.813041e-08
133	1.296433e-07
134	-4.407873e-07
135	1.498677e-06
136	-1.498677e-07
137	5.095501e-07
138	-5.095505e-08
139	1.732472e-07
140	-1.732516e-08
141	5.890549e-08
142	-5.895499e-09
143	2.004468e-08
144	-6.815192e-08
145	6.815197e-09
146	-2.315223e-08
147	7.871752e-08
148	-7.878361e-09
149	2.678643e-08
150	-9.099746e-08
151	3.093914e-07
152	-1.051931e-06
153	3.576476e-06
154	-3.576564e-07
155	3.576564e-08
156	-3.579567e-09
157	1.217053e-08
158	-1.217053e-09
159	1.217053e-10
160	-1.217053e-11
161	4.134508e-11
162	-4.137979e-12
163	1.406913e-11
164	-1.406913e-12
165	1.406914e-13
166	-4.779491e-13
167	1.624987e-12
168	-1.624989e-13
169	5.524960e-13
170	-5.525100e-14
171	5.529739e-15
172	-5.687462e-16
173	1.105005e-16
174	-1.933781e-16
175	6.392374e-16
176	-2.173405e-15
177	7.383379e-15
178	-7.389578e-16
179	7.389579e-17
180	-2.512457e-16
181	2.512459e-17
182	-2.512522e-18
183	8.542365e-18
184	-8.542787e-19
185	8.786432e-20
186	-8.786432e-21
187	2.987315e-20
188	-2.987315e-21
189	1.015663e-20
190	-1.973286e-21
191	6.709174e-21
192	-1.174106e-20
193	1.174163e-21
194	-1.175120e-22
195	2.282133e-23
196	-7.755901e-23
197	7.755999e-24
198	-7.762514e-25
199	1.359547e-24
200	-1.359547e-25
